0.0
5.5
15.5
25.5
35.5
45.5
55.5
65.5
75.5
85.5
95.5
105.5
115.5
125.5
135.5
145.5
155.5
165.5
175.5
185.5
195.5
205.5
215.5
225.5
235.5
245.5
255.5
265.5
275.5
285.5
295.5
305.5
315.5
325.5
335.5
345.5
355.5
365.5
375.5
385.5
395.5
405.5
415.5
425.5
435.5
445.5
455.5
465.5
475.5
485.5
495.5
505.5
515.5
525.5
535.5
545.5
555.5
565.5
575.5
585.5
595.5
605.5
615.5
625.5
635.5
645.5
655.5
665.5
675.5
685.5
695.5
705.5
715.5
725.5
735.5
745.5
755.5
765.5
775.5
785.5
795.5
805.5
815.5
825.5
835.5
845.5
855.5
865.5
875.5
885.5
895.5
905.5
915.5
925.5
935.5
945.5
955.5
965.5
975.5
985.5
995.5
1005.5
9999999